1338776457 8
1338779593 1268
1338780683 1268
1338780810 1268
1338781628 1268
1338782058 1267
1338782254 1267
1338842140 1270
1338842258 1274
1338842564 1270
1338842739 1194
1338842831 1194
1338843730 1233
1338843776 1233
1338854446 1249
1338854535 1249
1338854874 1239
1338855215 1238
1338855313 1239
1338867857 1241
1338867922 1241
1338868066 1241
1338868116 1241
1338933017 1241
1338933484 1241
1339025314 1241
1339453271 1285
1339453364 1285
1339453467 1286
1339453523 1286
1339453561 1287
1339453681 1287
1339453758 1287
